Alt text

Plot title: "AfriSenti: A Twitter Sentiment Analysis Benchmark for African Languages"
Subtitle: "111720 tweets from 14 African languages were categorised as positive, neutral or negative"
Caption: "#TidyTuesday 28/02/2023 | Data: AfriSenti | @_jcken"
"positive" is coloured orange, "neutral" is coloured light blue/purple and "negative" is coloured pink.

The plot shows 14 waffle plots (a grid of "tiles") where a grid is coloured orange, blue or pink to correspond to positive/neutral/negative. Each waffle is a 10 x 10 grid.

Some points of interest: Nigerian Pidgin is the most polarise language (smallest proportion of neutral tweets, approx 60%/5%/35% for neg/neu/pos), Nigerian Pidgin is also the most negative language. Xitsonga is the most positive (47%).

Data are: 
  
  |language               |  negative|   neutral|  positive|
  |:----------------------|---------:|---------:|---------:|
  |Amharic                | 0.3452532| 0.4329114| 0.2218354|
  |Algerian Arabic/Darja  | 0.5259676| 0.1925240| 0.2815084|
  |Moroccan Arabic/Darija | 0.2934277| 0.3670060| 0.3395663|
  |Hausa                  | 0.3262008| 0.3429487| 0.3308505|
  |Igbo                   | 0.2553611| 0.4416163| 0.3030226|
  |Kinyarwanda            | 0.3468477| 0.3811833| 0.2719690|
  |Oromo                  | 0.3801123| 0.4101844| 0.2097033|
  |Nigerian Pidgin        | 0.6043956| 0.0496400| 0.3459644|
  |Mozambican Portuguese  | 0.2179658| 0.5844901| 0.1975440|
  |Swahili                | 0.1059449| 0.5924942| 0.3015609|
  |Tigrinya               | 0.4941618| 0.2122602| 0.2935780|
  |Xitsonga               | 0.3536875| 0.1697066| 0.4766059|
  |Twi                    | 0.3767123| 0.1506849| 0.4726027|
  |Yorùbá                 | 0.2178885| 0.3627289| 0.4193826|